image_width: 640
image_height: 480
camera_matrix:
  rows: 3
  cols: 3
  data: [673.107, 0, 313.532,  0, 670.145, 238.632,  0, 0, 1]
distortion_coefficients:
  rows: 1
  cols: 5
  data: [-0.200958, 0.192307, -3.000000e-06, -0.000702, 0.0]
rectification_matrix:
  rows: 3
  cols: 3
  data: [0.999903, 0.01245, -0.006169,   -0.012412, 0.999903, 0.006263,   0.006246, -0.006185, 0.999961]
projection_matrix:
  rows: 3
  cols: 4
  data: [622.165,     0.0, 317.228, -67.6048,
             0.0, 622.165, 234.865,        0,
             0.0,     0.0,     1.0,        0]
