image_width: 176
image_height: 144
camera_matrix:
  rows: 3
  cols: 3
  data: [251.26, 0, 87.5, 0, 250.33, 71.5, 0, 0, 1]
distortion_coefficients:
  rows: 1
  cols: 5
  data: [-0.882147, 0.714722, -0.002514, 0.000132, 0]
rectification_matrix:
  rows: 3
  cols: 3
  data: [1, 0, 0,   0, 1, 0,   0, 0, 1]
projection_matrix:
  rows: 3
  cols: 4
  data: [251.26, 0, 87.5, 0,   0, 250.33, 71.5, 0,   0, 0, 1, 0]
