image_width: 640
image_height: 480
camera_matrix:
  rows: 3
  cols: 3
  data: [674.487, 0, 310.127,  0, 671.534, 231.592,  0, 0, 1]
distortion_coefficients:
  rows: 1
  cols: 5
  data: [-0.205536, 0.197416, -0.001423, 0.000508, 0.0]
rectification_matrix:
  rows: 3
  cols: 3
  data: [0.999959, 0.004487, -0.007907,   -0.004536, 0.99997, -0.006206,   0.007879, 0.006242, 0.999949]
projection_matrix:
  rows: 3
  cols: 4
  data: [622.165, 0.0, 317.228, 0.0,  0.0, 622.165, 234.865, 0.0,  0.0, 0.0, 1.0, 0.0]
