image_width: 176
image_height: 144
camera_matrix:
  rows: 3
  cols: 3
  data: [248.474, 0,  87.5,  0, 247.653, 71.5,  0, 0, 1]
distortion_coefficients:
  rows: 1
  cols: 5
  data: [-0.844714,  0.555833, -0.003869, 0.003946, 0.0]
rectification_matrix:
  rows: 3
  cols: 3
  data: [1, 0, 0, 0, 1, 0, 0, 0, 1]
projection_matrix:
  rows: 3
  cols: 4
  data: [248.474, 0,  87.5, 0,   0, 247.653, 71.5, 0,  0, 0, 1, 0]
