translation: [0.071818, -0.001732, -0.011938]
rotation: [-0.011374, -0.00967, 0.002707, 0.999885]
