translation: [0.0497001, 0.000194307, -0.00917151]
rotation: [-0.004671, -0.003576, -0.015594, 0.999861]
